-389
148746
58460672
-469106688
184549375
-864
-154102
-35058945
-1861550081
184549373
-134
-44278
-41415937
-1341456385
167772160
326
-40182
-10024193
-653590529
184549374
959
53258
-57210368
-200605697
167772161
671
-43766
-60224769
839581695
184549374
475
248074
-34862592
1594556415
184549374
43
83722
45746688
2097807360
167772161
-852
-85494
32312063
-1458962432
184549375
-585
-164598
-52688129
470482943
184549372
220
-109046
-36959489
720895
167772162
-324
36106
62458368
-1492516864
184549372
947
-91638
41814783
1191837696
184549372
-76
-210422
-1701121
990576639
167772161
451
-150518
-63436033
-351600641
167772161
487
51210
63179264
-1945501696
184549372
666
204810
64752128
1795817472
184549373
-949
-204534
-16381185
-351600641
167772160
-371
-205814
-60421377
-955580417
167772161
450
-56310
-22803713
671809535
167772160
-484
158730
-21362176
-150274049
167772162
-323
81674
-3995136
-670367745
167772162
127
-100854
39848703
-703987712
167772162
-97
-129782
61082367
302645248
167772163
-3
137226
-10024448
-1408565249
184549375
50
-111350
55970559
-1056309248
167772162
783
246026
43387392
1997144064
184549374
382
-66038
-12383489
2097872895
167772161
-498
206602
-8058368
-1492451329
167772163
-769
-219126
55053055
-703987712
167772163
-836
66314
30542336
-251002880
167772161
-574
241418
-25228800
235601919
167772163
496
164874
40569344
-469106688
184549374
-459
97546
-58914304
1342898175
167772162
780
-95478
-25818369
-1056243713
184549373
169
132362
-46528000
-1207238657
184549375
-999
240394
-21755392
1544224767
184549375
594
-215030
34605823
889847808
184549375
788
103178
-34076160
2131427327
184549375
-377
69898
57543168
-905314304
184549373
-876
105482
27789824
1527382016
167772162
-236
200970
16779776
-1828061184
184549373
65
-78582
-41940225
1930100735
167772163
-438
-31222
-6354177
856358911
184549372
-251
-118518
-4257025
-552927233
167772162
157
-156406
8850175
-938868736
167772161
-336
-25846
49285887
-1928724480
184549374
568
58122
20843008
369754112
167772163
703
226314
53348864
-1559625728
184549375
324
177930
39258624
655360
167772163
-920
168714
-6026752
1275789311
167772163
839
266
-63501824
-552927233
184549375
-232
-82934
-35386625
-435486721
184549372
28
187402
54987264
-1274413056
167772163
-346
62730
49285632
1275723776
184549372
401
146698
20384256
1242169344
167772161
-473
147978
32049664
269090816
184549374
-903
30474
38668800
-687210496
184549375
-811
-210678
-14873857
1644888063
184549375
871
-161014
-12907777
-1358233601
184549375
-359
-140534
-44496129
-469041153
167772160
-680
84490
-1242624
-804585473
184549372
-19
144394
44632576
-1022754816
184549374
516
-30710
-16839937
1879769087
167772160
856
108554
63244800
-284557312
167772162
339
-186614
-33027329
-1391788033
184549373
-910
55818
37358080
168427520
167772163
58
91146
14289408
-1677066240
184549373
45
-68342
63441663
1292500992
167772163
-558
-138230
-48952577
-2079653889
167772160
776
-123126
12585727
1879703552
184549375
-401
247306
-63501824
51052543
184549373
121
-72438
-58848513
-670367745
184549374
546
160522
-34338304
738918399
184549374
267
-139766
8981247
1292500992
167772163
893
164874
44894720
168427520
167772163
-270
160266
52890112
-972423168
184549374
-431
-193782
-49411329
-502595585
184549374
783
189706
57477632
-2046164992
167772162
313
-94710
51317503
906625024
167772160
-90
175626
-34731520
822804479
167772162
985
-155126
52562687
-854982656
184549372
693
-49142
47909631
-1291190272
184549375
-996
163594
-23721472
638255103
167772161
-539
252426
-27653632
1862991871
167772160
666
-105462
26938111
1728708608
184549374
-696
-124918
-12842241
1678442495
184549374
936
-213750
9636607
-670433280
167772160
-107
-22774
30149375
1175060480
167772163
-561
-22262
3803903
-1593180160
184549373
-529
133130
29493760
-334888960
167772160
-145
-242422
-49739009
-1324679169
167772162
458
7946
8980992
403308544
167772160
696
-68854
-17888513
-250937345
167772160
-208
-69366
57740031
-989200384
184549375
620
182026
41552384
2064252928
184549373
637
-242678
20515583
-1106640896
184549372
288
-5110
-61404417
235601919
167772162
120
36106
-50722304
118161407
167772161
-555
62474
41093632
1258946560
184549372
-779
-176630
-24048897
-670367745
184549373
-511
25098
16321024
-938868736
184549374
-650
-205302
-62649601
-1995767809
167772163
-148
199946
8915456
1594490880
167772161
-560
163594
53611008
738852864
167772160
517
-81142
39193343
-989200384
184549374
-82
-205814
5311231
973733888
167772163
-932
-92406
-49083649
453705727
167772160
466
-197878
-53671169
-838139905
184549374
-194
51722
-31520256
2030764031
184549373
117
59914
-47773184
889913343
167772161
58
-227574
